adrianwarnock,0.1111111111111111,0.0,2017,10,17,21
afewgrownmen,0.7272727272727273,0.0,2017,10,17,21
agoddessinla,0.0,0.0,2017,10,17,21
americanbuddhist,0.3333333333333333,0.0,2017,10,17,21
anxiousbench,1.0,0.0,2017,10,17,21
asenseofplace,0.0,0.0,2017,10,17,21
badcatholic,0.17391304347826086,0.0,2017,10,17,21
barefootandpregnant,0.0,0.0,2017,10,17,21
bibleandculture,0.0,0.0,2017,10,17,21
billintheblank,0.0,0.0,2017,10,17,21
bristolpalin,0.0,0.0,2017,10,17,21
brotherrichard,0.938137321549966,0.0020394289598912306,2017,10,17,21
buildingcathedrals,0.0,0.0,2017,10,17,21
camelswithhammers,0.0,0.0,2017,10,17,21
carynriswold,0.0,0.0,2017,10,17,21
christandcancer,0.0,0.0,2017,10,17,21
christandpopculture,0.7586206896551724,0.0,2017,10,17,21
christianpiatt,0.0,0.0,2017,10,17,21
dailyreflections,0.0,0.0,2017,10,17,21
danpeterson,0.25,0.0,2017,10,17,21
daylightatheism,0.75,0.0,2017,10,17,21
deaconsbench,0.8571428571428571,0.0,2017,10,17,21
diaryofawimpycatholic,0.0,0.0,2017,10,17,21
drishtikone,0.0,0.0,2017,10,17,21
drybones,0.0,0.0,2017,10,17,21
egregioustwaddle,0.0,0.0,2017,10,17,21
euangelion,0.625,0.0,2017,10,17,21
exploringourmatrix,0.0,0.0,2017,10,17,21
faithforward,0.0,0.0,2017,10,17,21
faithgoespop,0.0,0.0,2017,10,17,21
faithwalkers,0.45454545454545453,0.0,2017,10,17,21
femmevangelical,0.0,0.0,2017,10,17,21
filmchat,1.0,0.0,2017,10,17,21
frankschaeffer,0.0,0.0,2017,10,17,21
frankviola,0.25,0.25,2017,10,17,21
frenchrevolution,0.6666666666666666,0.0,2017,10,17,21
friendlyatheist,0.8401937046004843,0.007263922518159807,2017,10,17,21
geneveith,0.0,0.0,2017,10,17,21
getreligion,0.3888888888888889,0.05555555555555555,2017,10,17,21
godandthemachine,0.0,0.0,2017,10,17,21
goodletters,0.0,0.125,2017,10,17,21
hallq,0.16666666666666666,0.0,2017,10,17,21
heavenlycreatures,0.5,0.0,2017,10,17,21
homewaters,0.0,0.0,2017,10,17,21
index.php?app=core&module=global&section=login,0.0,0.0,2017,10,17,21
inspiration,0.0,1.0,2017,10,17,21
irreverin,1.0,0.0,2017,10,17,21
jesuscreed,0.6923076923076923,0.0,2017,10,17,21
joeljmiller,0.3333333333333333,0.3333333333333333,2017,10,17,21
kathrynlopez,0.0,0.0,2017,10,17,21
kathyschiffer,0.2,0.0,2017,10,17,21
login.php,0.0,1.0,2017,10,17,21
lookingcloser,0.0,0.0,2017,10,17,21
lovejoyfeminism,0.3333333333333333,0.0,2017,10,17,21
markdroberts,0.75,0.0,2017,10,17,21
markshea,0.19047619047619047,0.0,2017,10,17,21
michaboyett,0.0,0.0,2017,10,17,21
mmw,0.3333333333333333,0.3333333333333333,2017,10,17,21
monkeymind,0.0,0.0,2017,10,17,21
nadiabolzweber,0.4375,0.0,2017,10,17,21
nakedpastor,0.2727272727272727,0.0,2017,10,17,21
nolongerquivering,0.0,0.0,2017,10,17,21
paganfamilies,0.0,0.0,2017,10,17,21
paganportal,0.5,0.0,2017,10,17,21
paperbacktheology,0.0,0.0,2017,10,17,21
peculiarpeople,0.0,0.0,2017,10,17,21
peterenns,0.0,0.0,2017,10,17,21
phoenixandolivebranch,1.0,0.0,2017,10,17,21
publiccatholic,0.0,0.0,2017,10,17,21
register.php,0.0,1.0,2017,10,17,21
richarddahlstrom,0.0,0.5,2017,10,17,21
rogereolson,0.6,0.0,2017,10,17,21
sacredilluminations,0.0,0.0,2017,10,17,21
sarahoverthemoon,0.0,0.0,2017,10,17,21
scientologybeliefs,0.0,0.0,2017,10,17,21
scottpaeth,0.0,1.0,2017,10,17,21
scriptorium,0.0,0.0,2017,10,17,21
secularoutpost,0.0,0.5,2017,10,17,21
sermonsfromthemound,0.0,0.0,2017,10,17,21
sisterrosemovies,0.0,0.0,2017,10,17,21
slacktivist,0.7058823529411765,0.0,2017,10,17,21
standingonmyhead,0.5555555555555556,0.0,2017,10,17,21
summathissummathat,0.0,0.0,2017,10,17,21
templeofthefuture,0.0,0.0,2017,10,17,21
theanchoress,0.5,0.0,2017,10,17,21
thecrescat,0.16666666666666666,0.0,2017,10,17,21
thedivinefeminine,0.0,0.0,2017,10,17,21
themediawitches,0.0,0.0,2017,10,17,21
thoughtlife,0.0,0.0,2017,10,17,21
tonyjones,0.6785714285714286,0.0,2017,10,17,21
unequallyyoked,0.0,0.0,2017,10,17,21
unreasonablefaith,0.6363636363636364,0.0,2017,10,17,21
wakeupcall,0.0,0.0,2017,10,17,21
whitehindu,1.0,0.0,2017,10,17,21
wildgoosefestival,0.5,0.0,2017,10,17,21
wwjtd,0.5,0.0,2017,10,17,21
yimcatholic,0.0,0.0,2017,10,17,21
